	mgm4472160.3	mgm4472167.3	mgm4472253.3	mgm4472255.3	mgm4472304.3	mgm4472305.3	mgm4472312.3	mgm4472337.3	mgm4472353.3	mgm4472361.3	mgm4472397.3	mgm4472419.3	mgm4472428.3	mgm4472444.3	mgm4472462.3	mgm4472464.3	mgm4472467.3	mgm4472473.3	mgm4472484.3	mgm4472495.3	mgm4472580.3	mgm4472586.3	mgm4472682.3	mgm4472751.3	mgm4472934.3	mgm4473326.3	mgm4473472.3	mgm4473666.3	mgm4478487.3	mgm4478571.3
mgm4472160.3	0	0.506843106757751	0.601278501081314	0.794008826828892	0.809278455248211	0.556555304993272	0.976520011157012	1.92001048980699	0.718578048227855	1.9524749473772	0.904375895418246	1.01077273208377	0.896870316905754	0.705295490512982	0.899444208861982	1.96480168850054	1.84505035482324	1.89465664184738	0.779170500004491	0.636039634539025	2.00124383862938	2.01173332538032	2.07799495768872	0.6308459370137	2.00841908473832	2.01587493091458	0.712118791114921	0.888976878297423	0.857411634104426	0.685996114261142
mgm4472167.3	0.506843106757751	0	0.489715206087642	0.730482197078958	0.808910986769633	0.627950615301732	0.949393605162022	1.94405501309067	0.836708157093998	1.97648709110994	0.944519228864	1.03173397068774	0.936244557111853	0.783551048783425	0.867288444292948	1.98733161629012	1.88966978802599	1.91778471853586	0.732021755533329	0.728403634875984	2.02086243544212	2.03337303772165	2.0976089320244	0.709284247825221	2.02950466069125	2.03617263757188	0.812658106453496	0.868963199609368	0.806538024101628	0.780722133208334
mgm4472253.3	0.601278501081314	0.489715206087642	0	0.712826374737174	0.715649756057517	0.562114211530372	0.936027323485597	1.94475147557146	0.883483191630944	1.9763806449593	0.979533372305248	1.07246814020268	0.995451046877308	0.865857377737894	0.852345117243876	1.98998468717619	1.90345244462731	1.91943133649572	0.708234535749354	0.832811319285093	2.02514082962604	2.02988074881685	2.09683767357733	0.774898466128183	2.02908975704303	2.04001756183111	0.79326253809748	0.93565262820384	0.770139014604364	0.844722833566006
mgm4472255.3	0.794008826828892	0.730482197078958	0.712826374737174	0	0.548679756112406	0.739973513299513	0.711724444874801	1.95206953602473	0.989747479604666	1.98809302072391	0.759873224876848	0.909598073904917	0.763536533044053	0.663971105265477	0.62403283266542	1.9973648559387	1.91228279378203	1.93227346908635	0.406488083152451	0.543897609036248	2.02966650798523	2.03094844771834	2.09807087654849	0.894465229111854	2.03774258033248	2.03714752968299	0.623592363053572	0.722961805563601	0.389606818874056	0.644730015913786
mgm4472304.3	0.809278455248211	0.808910986769633	0.715649756057517	0.548679756112406	0	0.687683545918536	0.826862063838107	1.96247198032241	1.02346472890231	1.9920232058263	0.873574712270657	1.00132083889205	0.865287101921098	0.781995471903681	0.759597748368735	2.0103272776477	1.91065855486347	1.94517131972192	0.404863969608467	0.690425172191999	2.0359467525036	2.04144928026055	2.10281497916692	0.965043893968352	2.04814809168905	2.05514394715767	0.62851082662409	0.847346739174749	0.463858460741853	0.657699207089645
mgm4472305.3	0.556555304993272	0.627950615301732	0.562114211530372	0.739973513299513	0.687683545918536	0	0.938533308879094	1.93346199819755	0.801261259537347	1.96590218519683	0.887754463040552	1.00934178857051	0.929602648855683	0.797193681239464	0.877926468285513	1.97836761059031	1.87865620768365	1.9077495958001	0.66200075601008	0.730016901596143	2.00999391594529	2.02322693569993	2.08805451564665	0.723193813983659	2.02122460525565	2.02746349328916	0.691704604060879	0.922076732322666	0.759637601976579	0.718490863006085
mgm4472312.3	0.976520011157012	0.949393605162022	0.936027323485597	0.711724444874801	0.826862063838107	0.938533308879094	0	1.8861572127864	0.977474589461019	1.92535280821033	0.491184762615124	0.624285512005266	0.652693571667521	0.827211233109473	0.472669656808363	1.92847865612851	1.88744738490162	1.8651994183981	0.770642924289998	0.78437061454329	1.9923135758565	1.97519276921509	2.05697793688654	0.90670798412835	1.98689546923122	1.98515512749119	0.771235513089445	0.490800145775077	0.740168198114748	0.763217924510684
mgm4472337.3	1.92001048980699	1.94405501309067	1.94475147557146	1.95206953602473	1.96247198032241	1.93346199819755	1.8861572127864	0	1.85726866688193	0.734453835719163	1.8393759800973	1.83846719975727	1.88269924851942	1.91173271431005	1.91426366658498	0.887904520816043	1.53892712628772	0.927372319182366	1.96409583890922	1.91869321243287	1.12215141919494	0.842767238948338	1.08666590930842	1.90204940425706	1.00534474755628	0.874185576492734	1.88873601842402	1.88472525944408	1.9721140218223	1.88193881094994
mgm4472353.3	0.718578048227855	0.836708157093998	0.883483191630944	0.989747479604666	1.02346472890231	0.801261259537347	0.977474589461019	1.85726866688193	0	1.89112227803032	0.911810265440957	0.949254950847482	0.943866489096119	0.889466991343844	0.997100753717987	1.92573726525553	1.8207399603836	1.8398181166737	0.976170082779164	0.857222221590557	1.9602804271336	1.96347300487688	2.03675489918071	0.733339055932086	1.95480578806928	1.96844997911316	0.912853146139624	0.959157420741764	1.04536254313279	0.88851407068951
mgm4472361.3	1.9524749473772	1.97648709110994	1.9763806449593	1.98809302072391	1.9920232058263	1.96590218519683	1.92535280821033	0.734453835719163	1.89112227803032	0	1.87377099553506	1.87431178371343	1.92272536933703	1.94835670022552	1.95209579929253	0.8423573547199	1.55741424197525	1.05389923717639	1.99181285184352	1.95456445194242	1.12978828999672	0.890720625660629	1.00592537357838	1.93640992508708	1.00278717084565	0.892269051727065	1.92529773382939	1.91618016683987	2.00143277050735	1.91725141842529
mgm4472397.3	0.904375895418246	0.944519228864	0.979533372305248	0.759873224876848	0.873574712270657	0.887754463040552	0.491184762615124	1.8393759800973	0.911810265440957	1.87377099553506	0	0.505325196751384	0.629589365081869	0.763593355975219	0.581206005155066	1.89345781514855	1.84598112878543	1.81089836642916	0.805577627140001	0.7139187191296	1.95361419629105	1.95002657413628	2.0351873514988	0.837391165349541	1.95377147868978	1.94917045708974	0.718479180875993	0.492983262987585	0.803661371655864	0.678942606157861
mgm4472419.3	1.01077273208377	1.03173397068774	1.07246814020268	0.909598073904917	1.00132083889205	1.00934178857051	0.624285512005266	1.83846719975727	0.949254950847482	1.87431178371343	0.505325196751384	0	0.590706644569495	0.873512442826315	0.726945389223291	1.89266906218569	1.83344868162956	1.81345750788454	0.946081865519176	0.83225103173141	1.9512167668482	1.94509698400092	2.02391858592327	0.918851098757048	1.95016890726401	1.94210851699366	0.903198987594916	0.586955613735429	0.949004596634035	0.832864789325684
mgm4472428.3	0.896870316905754	0.936244557111853	0.995451046877308	0.763536533044053	0.865287101921098	0.929602648855683	0.652693571667521	1.88269924851942	0.943866489096119	1.92272536933703	0.629589365081869	0.590706644569495	0	0.742284256956801	0.728916600096601	1.92670395675914	1.86451275306784	1.85969779794254	0.817149002544315	0.671500099876968	1.98322296910933	1.97567059688435	2.05756555536658	0.872180481958279	1.98257522951856	1.98285046806464	0.713753284783317	0.600329604815784	0.787053076248062	0.633195677877512
mgm4472444.3	0.705295490512982	0.783551048783425	0.865857377737894	0.663971105265477	0.781995471903681	0.797193681239464	0.827211233109473	1.91173271431005	0.889466991343844	1.94835670022552	0.763593355975219	0.873512442826315	0.742284256956801	0	0.79716992902912	1.95386070210743	1.8692953812517	1.89145117517095	0.730033209412179	0.444290194368113	1.99651627517554	1.99992067543235	2.07020807097401	0.854782108686094	2.00349312997053	1.99940422195581	0.575744925342405	0.759755434845678	0.739792425590983	0.573933593545162
mgm4472462.3	0.899444208861982	0.867288444292948	0.852345117243876	0.62403283266542	0.759597748368735	0.877926468285513	0.472669656808363	1.91426366658498	0.997100753717987	1.95209579929253	0.581206005155066	0.726945389223291	0.728916600096601	0.79716992902912	0	1.96078134653037	1.90486840666669	1.89548256828161	0.702250015360316	0.737780340046499	2.01330639205653	1.99730580284422	2.06972806244552	0.88228354605746	2.0121169769385	2.00063114666523	0.729030730539493	0.514048081796056	0.658461417150107	0.716010767187544
mgm4472464.3	1.96480168850054	1.98733161629012	1.98998468717619	1.9973648559387	2.0103272776477	1.97836761059031	1.92847865612851	0.887904520816043	1.92573726525553	0.8423573547199	1.89345781514855	1.89266906218569	1.92670395675914	1.95386070210743	1.96078134653037	0	1.58513355326158	1.11287203874142	2.00654329484059	1.96735798840871	1.20916655869577	0.977102298052089	1.0309679852462	1.94744220062057	1.09483674467403	0.707936265039534	1.93717677847067	1.93499008612265	2.01116283279745	1.92781761414545
mgm4472467.3	1.84505035482324	1.88966978802599	1.90345244462731	1.91228279378203	1.91065855486347	1.87865620768365	1.88744738490162	1.53892712628772	1.8207399603836	1.55741424197525	1.84598112878543	1.83344868162956	1.86451275306784	1.8692953812517	1.90486840666669	1.58513355326158	0	1.36403543073494	1.91275386190309	1.87989106140763	1.35143763999119	1.60187949273107	1.69026599154384	1.89807876362356	1.40484750126714	1.62319625552329	1.85474253118782	1.86894433540587	1.91528032400518	1.84648330131624
mgm4472473.3	1.89465664184738	1.91778471853586	1.91943133649572	1.93227346908635	1.94517131972192	1.9077495958001	1.8651994183981	0.927372319182366	1.8398181166737	1.05389923717639	1.81089836642916	1.81345750788454	1.85969779794254	1.89145117517095	1.89548256828161	1.11287203874142	1.36403543073494	0	1.94125842682898	1.89645725031222	0.78956393676554	1.16116836554008	1.35999808584166	1.87339054929796	0.768089992865735	1.20951839958701	1.87428413260803	1.86922711351758	1.95104435975464	1.86555833746141
mgm4472484.3	0.779170500004491	0.732021755533329	0.708234535749354	0.406488083152451	0.404863969608467	0.66200075601008	0.770642924289998	1.96409583890922	0.976170082779164	1.99181285184352	0.805577627140001	0.946081865519176	0.817149002544315	0.730033209412179	0.702250015360316	2.00654329484059	1.91275386190309	1.94125842682898	0	0.620972670064729	2.03332099048982	2.04458263095833	2.10092698244147	0.874933327748072	2.04401837161907	2.04657799727581	0.636421855723508	0.788072489834792	0.388888097311984	0.640006546487765
mgm4472495.3	0.636039634539025	0.728403634875984	0.832811319285093	0.543897609036248	0.690425172191999	0.730016901596143	0.78437061454329	1.91869321243287	0.857222221590557	1.95456445194242	0.7139187191296	0.83225103173141	0.671500099876968	0.444290194368113	0.737780340046499	1.96735798840871	1.87989106140763	1.89645725031222	0.620972670064729	0	2.0025199502269	2.00916661598696	2.07484650177823	0.813353749364503	2.00872768445049	2.01525620238884	0.564146777903328	0.707741793131391	0.628562280086092	0.488957036991097
mgm4472580.3	2.00124383862938	2.02086243544212	2.02514082962604	2.02966650798523	2.0359467525036	2.00999391594529	1.9923135758565	1.12215141919494	1.9602804271336	1.12978828999672	1.95361419629105	1.9512167668482	1.98322296910933	1.99651627517554	2.01330639205653	1.20916655869577	1.35143763999119	0.78956393676554	2.03332099048982	2.0025199502269	0	1.19396268847448	1.31419136673399	1.99142877983513	0.505411939350301	1.22953349241305	1.98711157179241	1.98469411722749	2.0449400508141	1.97982253351736
mgm4472586.3	2.01173332538032	2.03337303772165	2.02988074881685	2.03094844771834	2.04144928026055	2.02322693569993	1.97519276921509	0.842767238948338	1.96347300487688	0.890720625660629	1.95002657413628	1.94509698400092	1.97567059688435	1.99992067543235	1.99730580284422	0.977102298052089	1.60187949273107	1.16116836554008	2.04458263095833	2.00916661598696	1.19396268847448	0	0.9436844165585	1.99672413110203	1.10684184251706	0.989671107189022	1.97543633041299	1.97531656686297	2.04809322663891	1.96884221282398
mgm4472682.3	2.07799495768872	2.0976089320244	2.09683767357733	2.09807087654849	2.10281497916692	2.08805451564665	2.05697793688654	1.08666590930842	2.03675489918071	1.00592537357838	2.0351873514988	2.02391858592327	2.05756555536658	2.07020807097401	2.06972806244552	1.0309679852462	1.69026599154384	1.35999808584166	2.10092698244147	2.07484650177823	1.31419136673399	0.9436844165585	0	2.07707973160505	1.22307627409856	0.813114405546069	2.05609369833863	2.04731523510176	2.11061970383245	2.04862772649323
mgm4472751.3	0.6308459370137	0.709284247825221	0.774898466128183	0.894465229111854	0.965043893968352	0.723193813983659	0.90670798412835	1.90204940425706	0.733339055932086	1.93640992508708	0.837391165349541	0.918851098757048	0.872180481958279	0.854782108686094	0.88228354605746	1.94744220062057	1.89807876362356	1.87339054929796	0.874933327748072	0.813353749364503	1.99142877983513	1.99672413110203	2.07707973160505	0	1.99685390999813	2.01109626087303	0.865194191444652	0.866826338469473	0.952914136448458	0.826654497965529
mgm4472934.3	2.00841908473832	2.02950466069125	2.02908975704303	2.03774258033248	2.04814809168905	2.02122460525565	1.98689546923122	1.00534474755628	1.95480578806928	1.00278717084565	1.95377147868978	1.95016890726401	1.98257522951856	2.00349312997053	2.0121169769385	1.09483674467403	1.40484750126714	0.768089992865735	2.04401837161907	2.00872768445049	0.505411939350301	1.10684184251706	1.22307627409856	1.99685390999813	0	1.11504072968799	1.98282465168824	1.98420835066138	2.0527141664271	1.97618439141918
mgm4473326.3	2.01587493091458	2.03617263757188	2.04001756183111	2.03714752968299	2.05514394715767	2.02746349328916	1.98515512749119	0.874185576492734	1.96844997911316	0.892269051727065	1.94917045708974	1.94210851699366	1.98285046806464	1.99940422195581	2.00063114666523	0.707936265039534	1.62319625552329	1.20951839958701	2.04657799727581	2.01525620238884	1.22953349241305	0.989671107189022	0.813114405546069	2.01109626087303	1.11504072968799	0	1.98161209045641	1.98373260696731	2.05639365506667	1.97543837162265
mgm4473472.3	0.712118791114921	0.812658106453496	0.79326253809748	0.623592363053572	0.62851082662409	0.691704604060879	0.771235513089445	1.88873601842402	0.912853146139624	1.92529773382939	0.718479180875993	0.903198987594916	0.713753284783317	0.575744925342405	0.729030730539493	1.93717677847067	1.85474253118782	1.87428413260803	0.636421855723508	0.564146777903328	1.98711157179241	1.97543633041299	2.05609369833863	0.865194191444652	1.98282465168824	1.98161209045641	0	0.733930288552573	0.629743215609632	0.368084099824711
mgm4473666.3	0.888976878297423	0.868963199609368	0.93565262820384	0.722961805563601	0.847346739174749	0.922076732322666	0.490800145775077	1.88472525944408	0.959157420741764	1.91618016683987	0.492983262987585	0.586955613735429	0.600329604815784	0.759755434845678	0.514048081796056	1.93499008612265	1.86894433540587	1.86922711351758	0.788072489834792	0.707741793131391	1.98469411722749	1.97531656686297	2.04731523510176	0.866826338469473	1.98420835066138	1.98373260696731	0.733930288552573	0	0.755543977658821	0.666191655034972
mgm4478487.3	0.857411634104426	0.806538024101628	0.770139014604364	0.389606818874056	0.463858460741853	0.759637601976579	0.740168198114748	1.9721140218223	1.04536254313279	2.00143277050735	0.803661371655864	0.949004596634035	0.787053076248062	0.739792425590983	0.658461417150107	2.01116283279745	1.91528032400518	1.95104435975464	0.388888097311984	0.628562280086092	2.0449400508141	2.04809322663891	2.11061970383245	0.952914136448458	2.0527141664271	2.05639365506667	0.629743215609632	0.755543977658821	0	0.646284050828002
mgm4478571.3	0.685996114261142	0.780722133208334	0.844722833566006	0.644730015913786	0.657699207089645	0.718490863006085	0.763217924510684	1.88193881094994	0.88851407068951	1.91725141842529	0.678942606157861	0.832864789325684	0.633195677877512	0.573933593545162	0.716010767187544	1.92781761414545	1.84648330131624	1.86555833746141	0.640006546487765	0.488957036991097	1.97982253351736	1.96884221282398	2.04862772649323	0.826654497965529	1.97618439141918	1.97543837162265	0.368084099824711	0.666191655034972	0.646284050828002	0
